4
01111
11110
11101
11011
10111

4
011101
011011
001111
110101
110011
100111
111100
111010
101110

4
0001111
1001101
1010101
1001011
1010011
0100111
0110011
0110101
0101110
0111010
1101100
1110100
1111000
1011010

4
00100111
11000101
11000011
00001111
10001101
10001011
01010101
00110101
01010011
00110011
01110100
11110000
00111010
01011010
10111000
11011000
00101110
10101100
11001010
11100100

4
00010111
10010011
10010101
01001101
00001111
01100101
10100101
10100011
01101001
00101011
01110100
11110000
10110100
11101000
10101010
01011010
01001110
11011000
10011010
01010110

4
01001011
11001001
10001011
00100111
11000101
10000111
01010011
00110011
00110101
01010101
01011010
00111010
11011000
10111000
11110000
01110100
00101110
10101100
11100100
10001110

4
010010011
010010101
000010111
000001111
101001101
010100101
010100011
101100101
000101011
101101001
111110000
101110100
111101000
111011000
101011010
101001110
101010110
010110100
010101010
010011010
