4
01111
11110
11101
11011
10111

4
011101
011011
001111
110101
110011
100111
111100
111010
101110

4
0001111
1001101
1010101
1001011
1010011
0100111
0110011
0110101
0101110
0111010
1101100
1110100
1111000
1011010

4
00100111
11000101
11000011
00001111
10001101
10001011
01010101
00110101
01010011
00110011
01110100
11110000
00111010
01011010
10111000
11011000
00101110
10101100
11001010
11100100

4
00010111
10010011
10010101
01001101
00001111
01100101
10100101
10100011
01101001
00101011
01110100
11110000
10110100
11101000
10101010
01011010
01001110
11011000
10011010
01010110

4
01001011
11001001
10001011
00100111
11000101
10000111
01010011
00110011
00110101
01010101
01011010
00111010
11011000
10111000
11110000
01110100
00101110
10101100
11100100
10001110

4
000010111
110000011
100000111
110000101
000011101
000011011
011000101
001001101
001001011
010100011
001100011
011100001
000110110
110100010
100100110
100110100
000111010
100111000
110101000
001101010
011101000
111010000
101010100
111000100
001011100
011011000
110011000

4
111100000
101110000
011101000
001101001
001100101
110100100
100110100
010101100
000101101
001110010
000110110
001100110
111000010
110010010
101010010
011001010
010011010
001001011
000011011
000010111
001000111
110000101
100010101
010001101
110011000
110001001
100011001

4
100001011
011000011
010101001
111000001
110001001
101000101
100000111
001000111
000111001
000011011
010110001
010010011
000111010
101110000
111010000
110110000
001110100
000110110
010010110
011010100
001101100
000101110
101001100
100001110
011000110
110101000
101101000

4
111100000
001101001
011101000
111001000
001110100
101110000
001011100
101011000
001100011
001100110
001001011
001001110
010100011
010100110
010000111
100001011
100001110
000010111
100010011
100010110
010110100
010010101
110110000
110010001
100011100
010101001
110001001

4
000100111
000101011
010101001
110100001
000110101
000110110
000111010
010111000
110110000
101100001
001110001
101110000
001001101
101000110
101001100
101001001
011000110
111000010
001010101
011010100
111010000
010010110
010011010
110001001
110001010
000001111
100001110

4
001001101
111001000
001010101
001011100
101010001
101011000
011101000
111100000
101100001
001001011
001101010
001100011
000001111
110001010
100001110
010010110
110010010
100010110
010100110
010101010
000100111
010100101
010110001
100110001
110110000
010010101
100011100

4
000010111
100010011
100010101
001001101
000001111
110000101
110000011
001100101
001101001
000101011
010100101
010100011
001110100
101110000
010110100
110110000
111100000
011101000
010101010
110010100
111001000
110001010
001011010
001001110
101011000
100011010
001010110

4
100110100
101010100
000011101
001011100
101011000
110110000
010111000
110011000
000010111
000011011
000111010
000110110
001100011
100000111
001001011
001101010
010100011
010100110
110000011
110000110
011100001
111000001
110100100
011101000
111001000
001001101
101000101

4
010010011
010010101
000010111
000001111
101001101
010100101
010100011
101100101
000101011
101101001
111110000
101110100
111101000
111011000
101011010
101001110
101010110
010110100
010101010
010011010

4
011101000
111100000
110101000
001101100
000101101
101100100
100100101
000101011
100101010
100100011
011000011
010001011
011010010
010011010
100011010
100010011
001000111
001010110
000010111
011001100
011000101
010001101
101010100
100010101
111010000
110011000

4
010010011
010010101
000010111
000001111
010100101
010100011
100100101
000101011
101000101
001001101
101100001
001101001
101010010
101000110
001011010
001001110
101011000
111001000
111100000
011101000
010110100
110110000
100110100
010101010
010011010
110011000
100010110

4
101010100
000011101
001011100
100111000
101011000
010110100
110010100
110110000
000010111
000011011
000111010
000110110
001100011
100000111
001001011
001101010
010100011
010100110
110000011
110000110
011100001
111000001
011101000
110101000
111001000
001001101
101000101

4
100100101
010110001
000110101
110110000
100110100
011100001
001101001
111100000
101101000
000101011
100100011
100101010
000001111
100000111
010011010
000011110
011001010
101001010
101000110
011010010
001010110
011001001
111010000
101010100
010010101
010011100
010001101

4
010001011
111000010
110001001
110000011
110101000
011000110
010011010
111010000
010111000
110110000
011010100
010010110
000011011
000111001
000110011
101110000
001110100
000110110
001001101
101000110
101000101
100000111
000101101
001101100
000100111
101101000
101001001

4
001001101
111001000
001011001
101010001
101011000
011101000
111100000
101100001
001001110
001000111
001101010
001100011
110001010
100001110
010010110
110010010
100010110
010100110
010101010
000100111
010100101
010110001
100110001
110110000
000011101
010010101
100011100

4
000111010
010010011
010111000
010011010
110110000
000110101
000110110
000010111
001110001
101110000
011010001
111010000
101100001
101001001
111000010
001001101
101001100
101000110
011000101
011000110
000101101
000101110
100001110
010000111
110101000
110001010
100101001

4
000110101
001110100
101110000
001101001
010110001
110110000
111100000
011101000
010101001
001100110
001100011
000100111
100010110
001001110
001001011
100001011
100001110
010010110
010000111
110010010
110000011
010010101
111001000
110001001
001011100
101011000
100011100

4
000010111
001001101
000001111
010010011
010010101
110000101
001100101
100100101
001101001
000101011
010100011
110100001
001110100
101110000
100110100
111100000
011101000
010101010
110010010
110010100
111001000
110001010
001011010
001001110
101011000
100011010
001010110

4
010100101
000101101
100101001
010010101
010011001
000011101
011100001
101100001
101001001
010001011
001001011
011000011
000101110
100100110
100101010
010011010
000011110
101001010
101000110
011010010
001010110
111100000
111010000
101010100
010110100
110110000
100110100

4
111000001
101000011
101001010
011000101
101100100
111000100
001010011
101110000
001011010
101011000
001110100
001010101
000110011
110110000
010111000
000111010
110011000
000110101
000100111
010000111
110100100
010001110
010101100
000101110
010001011
110001001
100001011

4
111100000
001101001
011101000
111001000
001110100
101110000
001011100
101011000
001100011
001100110
001001011
001001110
010100011
010100110
100000111
100001011
100001110
010010110
010010011
000010111
010110100
110110000
110010001
100010101
100011100
010101001
110001001

4
101010100
000011101
001011100
101011000
010110100
110010100
010111000
110011000
000010111
000011011
000111010
000110110
001100011
100000111
001001011
001101010
010100011
010100110
110000011
110000110
110100001
111100000
011101000
111001000
001001101
101100001
101000101

4
101010100
000011101
001011100
101011000
010110100
110010100
010111000
110011000
000010111
000011011
000111010
000110110
001100011
100000111
001001011
001101010
010100011
010100110
110000011
110000110
011100001
111100000
111000001
110101000
001001101
101101000
101000101

4
