5
011111
101111
110111
111011
111101
111110

5
0111111
1001111
1010111
1011011
1101101
1110101
1111001
1101110
1110110
1111010

5
0011111
0101111
0110111
0111011
1011101
1101101
1110101
1111001
1011110
1101110
1110110
1111010

5
01111111
10001111
10010111
10011011
10101101
10110101
11011001
11101001
11110001
10101110
11010110
11100110
11011010
11101010
11110100

5
00111111
11001111
11110011
11111100
01010111
10101011
01011101
01111001
11101001
10101110
10110110
11010110

5
00111111
11001111
11110011
01010111
10101011
01011101
01111001
11101001
10101110
10110110
11010110
01111100
11101100
11110100

5
00111111
11001111
01010111
10011011
11010011
01101101
01110101
01111001
11011001
10101110
01110110
11100110
10111010
11110010
11101100
11111000

5
00111111
11001111
01010111
01011011
10101101
01110101
11100101
01111001
11101001
10101110
10110110
11010110
10111010
11011010
11110100
11111000

5
00111111
11001111
01010111
01011011
10101101
01110101
11100101
01111001
11101001
10101110
01110110
11100110
10111010
11011010
11110010
11111000

5
00111111
01001111
01010111
01011011
01101101
10110101
11010101
11100101
10111001
11011001
11101001
01101110
10110110
11010110
11100110
10111010
11011010
11101010

5
00111111
01001111
01010111
01011011
01101101
01110101
10111001
11011001
11101001
11110001
10101110
11001110
10110110
11010110
10111010
11011010
11101100
11110100

5
00111111
01001111
01010111
01011011
01101101
01110101
10111001
11011001
11101001
11110001
01101110
10110110
11010110
11100110
10111010
11011010
11101010
11110100

5
00011111
00101111
00110111
00111011
01011101
01101101
10110101
11010101
11100101
10111001
11011001
11101001
01011110
01101110
10110110
11010110
11100110
10111010
11011010
11101010

5
00011111
00101111
00110111
00111011
01011101
01101101
01110101
10111001
11011001
11101001
11110001
01011110
01101110
10110110
11010110
11100110
10111010
11011010
11101010
11110100

5
011111111
100001111
100010111
100011011
100101101
100110101
101011001
110101001
111001001
110110001
111010001
100101110
101010110
110100110
111000110
101011010
110101010
111001010
101110100
111100100
111110000

5
011111111
100001111
100010111
100011011
100101101
100110101
101011001
101101001
110110001
111010001
111100001
100101110
110010110
101100110
111000110
110011010
101101010
111001010
110110100
111100100
111011000

5
011111111
100001111
100010111
100011011
100101101
100110101
101011001
101101001
110110001
111010001
111100001
100101110
101010110
110100110
111000110
101011010
110101010
111001010
110110100
111010100
111101000

5
001111111
110001111
111110001
010010111
100011011
110010011
010101101
010110101
101011001
011101001
111001001
101001110
100110110
110010110
101100110
101011010
101110010
101101100
110101100
110110100
111101000

5
001111111
110001111
111110001
010010111
100011011
110010011
010101101
010110101
101011001
011101001
111001001
101001110
010110110
101100110
110100110
101011010
101110010
110110010
101101100
110101100
111101000

5
001111111
110001111
111110001
010010111
100011011
110010011
010101101
010110101
101011001
011101001
111001001
101001110
010110110
101100110
110100110
101011010
101110010
110110010
011101100
111001100
111100100

5
001111111
110001111
111110001
010010111
100011011
110010011
010101101
010110101
101011001
011101001
111001001
101001110
010110110
011100110
111000110
101011010
101110010
110110010
111100010
011101100
111001100

5
001111111
110001111
111110001
010010111
010011011
100101101
100110101
110010101
011011001
101101001
111001001
101001110
100110110
110010110
101100110
011011010
111001010
011110010
110110010
111100010
101101100

5
001111111
110001111
111110001
010010111
010011011
100101101
100110101
110010101
011011001
101101001
111001001
101001110
010110110
101100110
110100110
011011010
111001010
011110010
111100010
101101100
110110100

5
001111111
110001111
111110001
010010111
010011011
100101101
100110101
110010101
011011001
101101001
111001001
101001110
010110110
011100110
111000110
011011010
111001010
011110010
101101100
110110100
111100100

5
001111111
110001111
111110001
010010111
010011011
100101101
100110101
110010101
011011001
101101001
111001001
100101110
011010110
101100110
111000110
011011010
101101010
111001010
011110100
110110100
111100100

5
001111111
110001111
111110001
010010111
010011011
100101101
100110101
110010101
011011001
101101001
111001001
100101110
011010110
011100110
110100110
011011010
101101010
111001010
111100010
011110100
110110100

5
001111111
110001111
111110001
010010111
010011011
100101101
100110101
110010101
011011001
101101001
111001001
100101110
011010110
011100110
110100110
011011010
011101010
110101010
011110100
110110100
111101000

5
001111111
110001111
111110001
010010111
010011011
100101101
100110101
110010101
011011001
011101001
110101001
100101110
101010110
110010110
101100110
101011010
110011010
101101010
101110100
111011000
111101000

5
001111111
110001111
111110001
010010111
010011011
100101101
100110101
110010101
011011001
011101001
110101001
100101110
101010110
110010110
101100110
011011010
101101010
111001010
111010010
101110100
111101000

5
001111111
110001111
111110001
010010111
010011011
100101101
100110101
110010101
011011001
011101001
110101001
100101110
011010110
101100110
111000110
011011010
101101010
111001010
101110100
111010100
111101000

5
001111111
110001111
111110001
010010111
010011011
100101101
100110101
110010101
011011001
011101001
110101001
100101110
011010110
101100110
111000110
011011010
011101010
110101010
111100010
101110100
111010100

5
001111111
110001111
111110001
010010111
010011011
100101101
100110101
110010101
011011001
011101001
110101001
100101110
011010110
011100110
110100110
011011010
011101010
110101010
101110100
111010100
111100100

5
001111111
110001111
111110001
010010111
010011011
100101101
010110101
110100101
101011001
110011001
101101001
101001110
010110110
011100110
111000110
101011010
110011010
011110010
111010010
101101100
111100100

5
001111111
110001111
111110001
010010111
010011011
100101101
010110101
110100101
101011001
110011001
101101001
101001110
010110110
011100110
111000110
011011010
111001010
011110010
101101100
111100100
111011000

5
001111111
110001111
111110001
010010111
010011011
100101101
010110101
110100101
101011001
110011001
101101001
100101110
011010110
011100110
110100110
101011010
110011010
101101010
111010010
111100010
011110100

5
001111111
110001111
111110001
010010111
010011011
100101101
010110101
110100101
101011001
110011001
101101001
100101110
011010110
011100110
110100110
011011010
101101010
111001010
111100010
011110100
111011000

5
001111111
110001111
111110001
010010111
010011011
100101101
010110101
110100101
101011001
110011001
101101001
100101110
011010110
011100110
110100110
011011010
011101010
110101010
011110100
111011000
111101000

5
001111111
110001111
111110001
010010111
010011011
100101101
010110101
110100101
011011001
101101001
111001001
101001110
100110110
110010110
101100110
101011010
110011010
101110010
101101100
110110100
111011000

5
001111111
110001111
111110001
010010111
010011011
100101101
010110101
110100101
011011001
101101001
111001001
101001110
100110110
110010110
101100110
011011010
111001010
101110010
111010010
101101100
110110100

5
001111111
110001111
111110001
010010111
010011011
100101101
010110101
110100101
011011001
101101001
111001001
101001110
010110110
101100110
110100110
101011010
110011010
101110010
110110010
101101100
111011000

5
001111111
110001111
111110001
010010111
010011011
100101101
010110101
110100101
011011001
101101001
111001001
101001110
010110110
101100110
110100110
011011010
111001010
101110010
110110010
111010010
101101100

5
001111111
110001111
111110001
010010111
010011011
100101101
010110101
110100101
011011001
101101001
111001001
100101110
101010110
110010110
101100110
101011010
110011010
101101010
101110100
110110100
111011000

5
001111111
110001111
111110001
010010111
010011011
100101101
010110101
110100101
011011001
101101001
111001001
100101110
101010110
110010110
101100110
011011010
101101010
111001010
111010010
101110100
110110100

5
001111111
110001111
111110001
010010111
010011011
100101101
010110101
110100101
011011001
101101001
111001001
100101110
011010110
101100110
111000110
011011010
101101010
111001010
101110100
110110100
111010100

5
001111111
110001111
110110011
111011100
010100111
101001011
101010011
100101101
110100101
101101001
101110001
011001110
010110110
011010110
111001010
111010010
100111100
110110100
101111000

5
001111111
110001111
110110011
111011100
010100111
101001011
101010011
100101101
110100101
100111001
101011001
011001110
011100110
111001010
011110010
111010010
100111100
011110100
110110100

5
001111111
110001111
110110011
111011100
010100111
101001011
101010011
010101101
011101001
111001001
101110001
111100001
101001110
010110110
101010110
110010110
010111100
011111000
111110000

5
001111111
110001111
110110011
111011100
010100111
101001011
101010011
010101101
011101001
111001001
011110001
111010001
101001110
100110110
101010110
110100110
010111100
110110100
011111000

5
001111111
110001111
110110011
111011100
010100111
101001011
101010011
010101101
010111001
101011001
110011001
101001110
011100110
111000110
101110010
111100010
010111100
011110100
111110000

5
001111111
110001111
110110011
111011100
010100111
101001011
101010011
010101101
010111001
011011001
111001001
111010001
101001110
101100110
110100110
101110010
010111100
101110100
110110100

5
001111111
110001111
110110011
111011100
010010111
101001011
101100011
100101101
100110101
110010101
101101001
011001110
011010110
111001010
011110010
111100010
100111100
101111000
111110000

5
001111111
110001111
110110011
111011100
010010111
101001011
101100011
100101101
010110101
110100101
101101001
011001110
011010110
111001010
101110010
111010010
100111100
110110100
101111000

5
001111111
110001111
110110011
111011100
010010111
101001011
101100011
010101101
010110101
101101001
110101001
101001110
101010110
110010110
101110010
010111100
011111000
111101000
111110000

5
001111111
110001111
110110011
111011100
010010111
101001011
101100011
010101101
010110101
101101001
110101001
101001110
011010110
111000110
101110010
111010010
010111100
101111000
110111000

5
001111111
110001111
110110011
111011100
010010111
101001011
101100011
010101101
010110101
011101001
111001001
111100001
101001110
101010110
110010110
101110010
010111100
011111000
111110000

5
001111111
110001111
110110011
111011100
010010111
101001011
101100011
100011101
110010101
101011001
101110001
010101110
010110110
011101010
111001010
111100010
011101100
011110100
111110000

5
001111111
110001111
110110011
111011100
010010111
101001011
101100011
010011101
011011001
111001001
101110001
111010001
100101110
010110110
110100110
101101010
101101100
101110100
110110100

5
001111111
110001111
110110011
111011100
010010111
101001011
101100011
010011101
011011001
111001001
011110001
111100001
100101110
100110110
110010110
101101010
101101100
101110100
111110000

5
001111111
110001111
110110011
111011100
010010111
100101011
100011101
110010101
101011001
101101001
101110001
011001110
010110110
011100110
011101010
110101010
011110100
111101000
111110000

5
001111111
110001111
110110011
111011100
010010111
100101011
100011101
110010101
101011001
101101001
101110001
010101110
011010110
011100110
110101010
011110010
011101100
111101000
111110000

5
001111111
110001111
110110011
111011100
010010111
100101011
010011101
101011001
110011001
101101001
101110001
100101110
011010110
101100110
111000110
011110010
111100010
101101100
111110000

5
001111111
110001111
110110011
111011100
010010111
100101011
010011101
101011001
110011001
101101001
101110001
100101110
011010110
011100110
110100110
011110010
101101100
111100100
111110000

5
001111111
110001111
110110011
111011100
010010111
100101011
010011101
011011001
101101001
111001001
011110001
111100001
101001110
100110110
110010110
101100110
101101010
101110100
111110000

5
001111111
110001111
110110011
111011100
010010111
100101011
010011101
011011001
101101001
111001001
011110001
111100001
100101110
101010110
110010110
101100110
101110010
101101100
111110000

5
001111111
110001111
110110011
111011100
010010111
100101011
010011101
011011001
011101001
110101001
011110001
101001110
100110110
110010110
101100110
101101010
101110100
111101000
111110000

5
001111111
110001111
110110011
111011100
010010111
100101011
010011101
011011001
011101001
110101001
011110001
100101110
101010110
110010110
101100110
101110010
101101100
111101000
111110000

5
001111111
110001111
110110011
110111100
010010111
101001011
101100011
010011101
100111001
110011001
101101001
101001110
011010110
111000110
011110010
111100010
101101100
011110100
111100100

5
001111111
110001111
110110011
110111100
010010111
101001011
101100011
010011101
010111001
011101001
111001001
111100001
101001110
101010110
110010110
101110010
101101100
101110100
111101000

5
001111111
110001111
110110011
111010101
111101010
010100111
101001011
101010011
101001101
010110101
010101110
101110010
010111100
011011100
111001100
011111000
111110000

5
001111111
110001111
110110011
111010101
111101010
010100111
100011011
100011101
011100101
011110001
011001110
011100110
100111010
101011100
111001100
101111000
111110000

5
001111111
110001111
110110011
111010101
111101010
010100111
100011011
100011101
011100101
011110001
010101110
101011010
101110010
101011100
011101100
111001100
111110000

5
001111111
110001111
110110011
111010101
111101010
010010111
101001011
101100011
101001101
101110001
010011110
010111010
010111100
011101100
111001100
011110100
111110000

5
001111111
110001111
110110011
111010101
111101010
010010111
100101011
100101101
101100101
101110001
010011110
011011010
011110010
011011100
101101100
111001100
111110000

5
001111111
110001111
110110011
111010101
010100111
100011011
100011101
011100101
011110001
011001110
011100110
100111010
101101010
111001010
111100010
101011100
111001100
101111000
111110000

5
001111111
110001111
110110011
111010101
010100111
100011011
100011101
011100101
011110001
011001110
011100110
100111010
011101010
110101010
101011100
111001100
101111000
111101000
111110000

5
001111111
110001111
110110011
111010101
010100111
100011011
100011101
011100101
011110001
011001110
011100110
100111010
011101010
110101010
101011100
111001100
011111000
110111000
111011000

5
001111111
110001111
110110011
111010101
010100111
100011011
100011101
011100101
011110001
010101110
101011010
101101010
110101010
101110010
101011100
101101100
110101100
111100100
111110000

5
001111111
110001111
110110011
111010101
010100111
100011011
100011101
011100101
011110001
010101110
101011010
101101010
110101010
101110010
101011100
011101100
111001100
111101000
111110000

5
001111111
110001111
110110011
111010101
010100111
100011011
100011101
011100101
011110001
010101110
101011010
011101010
111001010
101110010
111100010
101011100
011101100
111001100
111110000

5
001111111
110001111
110110011
111010101
010010111
100101011
100101101
101100101
101110001
010011110
011011010
101101010
111001010
011110010
111100010
011011100
101101100
111001100
111110000

5
001111111
110001111
110110011
111010101
010010111
100101011
100101101
101100101
101110001
010011110
011011010
011101010
110101010
011110010
011011100
101101100
111001100
111101000
111110000

5
001111111
110001111
110110011
111010101
010010111
100101011
100101101
101100101
101110001
010011110
011011010
011101010
110101010
011110010
011011100
011101100
110101100
111100100
111110000

5
001111111
110001111
110110011
010010111
101001011
101100011
100011101
110010101
100111001
101101001
011001110
011010110
111001010
011110010
111100010
100111100
101101100
111001100
101110100
111010100
111110000

5
001111111
110001111
110110011
010010111
101001011
101100011
100011101
110010101
100111001
101101001
011001110
011010110
111001010
011110010
111100010
100111100
101101100
111001100
011110100
110110100
111100100

5
001111111
110001111
110110011
010010111
101001011
101100011
100011101
110010101
100111001
101101001
011001110
011010110
111001010
011110010
111100010
100111100
011101100
110101100
011110100
110110100
111101000

5
001111111
110001111
110110011
010010111
101001011
101100011
100011101
110010101
100111001
101101001
011001110
011010110
111001010
011110010
111100010
010111100
110011100
011101100
011110100
110111000
111101000

5
001111111
110001111
110110011
010010111
101001011
101100011
010011101
101011001
110011001
101110001
101001110
010110110
101100110
110100110
010111100
011101100
111001100
111100100
101111000
110111000
111101000

5
001111111
110001111
110110011
010010111
101001011
101100011
010011101
101011001
110011001
101110001
101001110
010110110
101100110
110100110
010111100
011101100
111001100
111100100
011111000
111011000
111110000

5
001111111
110001111
110110011
010010111
101001011
101100011
010011101
011011001
111001001
101110001
111010001
101001110
010110110
101100110
110100110
100111100
110011100
101101100
110110100
101111000
111011000

5
001111111
110001111
110110011
010010111
101001011
101100011
010011101
011011001
111001001
101110001
111010001
101001110
010110110
101100110
110100110
010111100
101101100
110101100
101111000
110111000
111011000

5
001111111
110001111
110110011
010010111
101001011
101100011
010011101
011011001
111001001
101110001
111010001
101001110
010110110
101100110
110100110
010111100
101101100
110101100
011111000
111101000
111110000

5
001111111
110001111
110110011
010010111
101001011
101100011
010011101
011011001
111001001
101110001
111010001
101001110
010110110
101100110
110100110
010111100
011101100
111001100
111100100
011111000
111110000

5
001111111
110001111
110110011
010010111
101001011
101100011
010011101
011011001
111001001
101110001
111010001
101001110
010110110
011100110
111000110
111100010
010111100
011101100
111001100
011111000
111110000

5
001111111
110001111
110110011
010010111
101001011
101100011
010011101
011011001
111001001
011110001
111100001
101001110
100110110
110010110
101100110
100111100
110011100
101101100
101111000
111011000
111110000

5
001111111
110001111
110110011
010010111
101001011
101100011
010011101
011011001
111001001
011110001
111100001
101001110
100110110
110010110
101100110
100111100
110011100
101101100
011111000
110111000
111101000

5
001111111
110001111
110110011
010010111
101001011
101100011
010011101
011011001
111001001
011110001
111100001
101001110
100110110
110010110
101100110
010111100
101101100
110101100
110110100
011111000
111101000

5
001111111
110001111
110110011
010010111
101001011
101100011
010011101
011011001
111001001
011110001
111100001
101001110
100110110
110010110
101100110
010111100
011101100
111001100
110110100
111100100
011111000

5
001111111
110001111
110110011
010010111
101001011
101100011
010011101
011011001
111001001
011110001
111100001
100101110
100110110
110010110
101101010
101011100
110011100
101101100
101110100
111011000
111110000

5
001111111
110001111
110110011
010010111
101001011
101100011
010011101
011011001
111001001
011110001
111100001
100101110
100110110
110010110
101101010
011011100
101101100
111001100
101110100
111010100
111110000

5
001111111
110001111
110110011
010010111
101001011
101100011
010011101
011011001
111001001
011110001
111100001
100101110
100110110
110010110
101101010
011011100
101101100
111001100
011110100
110110100
111100100

5
001111111
110001111
110110011
010010111
101001011
101100011
010011101
011011001
111001001
011110001
111100001
100101110
100110110
110010110
101101010
011011100
011101100
110101100
011110100
110110100
111101000

5
001111111
110001111
110110011
010010111
101001011
101100011
010011101
100111001
110011001
101101001
101001110
011010110
111000110
011110010
111100010
100111100
110011100
101101100
101110100
111010100
111110000

5
001111111
110001111
110110011
010010111
101001011
101100011
010011101
100111001
110011001
101101001
101001110
011010110
111000110
011110010
111100010
100111100
110011100
101101100
011110100
110110100
111100100

5
001111111
110001111
110110011
010010111
101001011
101100011
010011101
100111001
110011001
101101001
101001110
011010110
111000110
011110010
111100010
010111100
101101100
110101100
011110100
111100100
110111000

5
001111111
110001111
110110011
010010111
101001011
101100011
010011101
100111001
110011001
101101001
101001110
011010110
111000110
011110010
111100010
010111100
011101100
111001100
011110100
110111000
111101000

5
001111111
110001111
110110011
010010111
101001011
101100011
010011101
100111001
110011001
101101001
101001110
010110110
101100110
110100110
101011100
110011100
011110100
111010100
111100100
101111000
111110000

5
001111111
110001111
110110011
010010111
101001011
101100011
010011101
100111001
110011001
101101001
101001110
010110110
101100110
110100110
011011100
111001100
101110100
110110100
111010100
101111000
111011000

5
001111111
110001111
110110011
010010111
101001011
101100011
010011101
100111001
110011001
101101001
101001110
010110110
101100110
110100110
011011100
111001100
011110100
111100100
101111000
111011000
111110000

5
001111111
110001111
110110011
010010111
101001011
101100011
010011101
100111001
110011001
101101001
101001110
010110110
101100110
110100110
011011100
111001100
011110100
111100100
011111000
110111000
111101000

5
001111111
110001111
110110011
010010111
101001011
101100011
010011101
100111001
110011001
101101001
101001110
010110110
011100110
111000110
111100010
101011100
110011100
101110100
110110100
111100100
101111000

5
001111111
110001111
110110011
010010111
101001011
101100011
010011101
100111001
110011001
101101001
101001110
010110110
011100110
111000110
111100010
101011100
110011100
011110100
111010100
101111000
111110000

5
001111111
110001111
110110011
010010111
101001011
101100011
010011101
100111001
110011001
101101001
101001110
010110110
011100110
111000110
111100010
011011100
111001100
011110100
101111000
111011000
111110000

5
001111111
110001111
110110011
010010111
101001011
101100011
010011101
100111001
110011001
101101001
101001110
010110110
011100110
111000110
111100010
011011100
111001100
011110100
011111000
110111000
111101000

5
001111111
110001111
110110011
010010111
101001011
101100011
010011101
010111001
101101001
110101001
101001110
101010110
110010110
101110010
010111100
101101100
110101100
011110100
111010100
111100100
111110000

5
001111111
110001111
110110011
010010111
101001011
101100011
010011101
010111001
101101001
110101001
101001110
101010110
110010110
101110010
010111100
011101100
111001100
101110100
110110100
111100100
111101000

5
001111111
110001111
110110011
010010111
101001011
101100011
010011101
010111001
101101001
110101001
101001110
101010110
110010110
101110010
010111100
011101100
111001100
011110100
111010100
111101000
111110000

5
001111111
110001111
110110011
010010111
101001011
101100011
010011101
010111001
101101001
110101001
101001110
011010110
111000110
101110010
111010010
100111100
110011100
101101100
101110100
111010100
110111000

5
001111111
110001111
110110011
010010111
101001011
101100011
010011101
010111001
101101001
110101001
101001110
011010110
111000110
101110010
111010010
010111100
101101100
110101100
101110100
110110100
111010100

5
001111111
110001111
110110011
010010111
101001011
101100011
010011101
010111001
101101001
110101001
101001110
011010110
111000110
101110010
111010010
010111100
101101100
110101100
011110100
111100100
111110000

5
001111111
110001111
110110011
010010111
101001011
101100011
010011101
010111001
101101001
110101001
101001110
011010110
111000110
101110010
111010010
010111100
011101100
111001100
011110100
111101000
111110000

5
001111111
110001111
110110011
010010111
101001011
101100011
010011101
010111001
101101001
110101001
101001110
100110110
110010110
101100110
101011100
110011100
101110100
011111000
111011000
111101000
111110000

5
001111111
110001111
110110011
010010111
101001011
101100011
010011101
010111001
101101001
110101001
101001110
100110110
110010110
101100110
011011100
111001100
101110100
111010100
101111000
110111000
111011000

5
001111111
110001111
110110011
010010111
101001011
101100011
010011101
010111001
101101001
110101001
101001110
100110110
110010110
101100110
011011100
111001100
101110100
111010100
011111000
111101000
111110000

5
001111111
110001111
110110011
010010111
101001011
101100011
010011101
010111001
101101001
110101001
101001110
100110110
110010110
101100110
011011100
111001100
011110100
110110100
111100100
011111000
111101000

5
001111111
110001111
110110011
010010111
101001011
101100011
010011101
010111001
011101001
111001001
111100001
101001110
101010110
110010110
101110010
100111100
110011100
101101100
101110100
110111000
111101000

5
001111111
110001111
110110011
010010111
101001011
101100011
010011101
010111001
011101001
111001001
111100001
101001110
101010110
110010110
101110010
010111100
101101100
110101100
101110100
110110100
111101000

5
001111111
110001111
110110011
010010111
101001011
101100011
010011101
010111001
011101001
111001001
111100001
101001110
101010110
110010110
101110010
010111100
011101100
111001100
101110100
110110100
111100100

5
001111111
110001111
110110011
010010111
101001011
101100011
010011101
010111001
011101001
111001001
111100001
101001110
101010110
110010110
101110010
010111100
011101100
111001100
011110100
111010100
111110000

5
001111111
110001111
110110011
010010111
101001011
101100011
010011101
010111001
011101001
111001001
111100001
101001110
011010110
111000110
101110010
111010010
010111100
011101100
111001100
011110100
111110000

5
001111111
110001111
110110011
010010111
101001011
101100011
010011101
010111001
011101001
111001001
111100001
101001110
100110110
110010110
101100110
101011100
110011100
101110100
101111000
110111000
111101000

5
001111111
110001111
110110011
010010111
101001011
101100011
010011101
010111001
011101001
111001001
111100001
101001110
100110110
110010110
101100110
101011100
110011100
101110100
011111000
111011000
111110000

5
001111111
110001111
110110011
010010111
101001011
101100011
010011101
010111001
011101001
111001001
111100001
101001110
100110110
110010110
101100110
011011100
111001100
101110100
111010100
011111000
111110000

5
001111111
110001111
110110011
010010111
101001011
101100011
010011101
010111001
011101001
111001001
111100001
101001110
100110110
110010110
101100110
011011100
111001100
011110100
110110100
111100100
011111000

5
001111111
110001111
110110011
010010111
100101011
100011101
110010101
101011001
101101001
101110001
010101110
011010110
011100110
110101010
011110010
101011100
011101100
111001100
111010100
111101000
111110000

5
001111111
110001111
110110011
010010111
100101011
100011101
110010101
101011001
101101001
101110001
010101110
011010110
011100110
110101010
011110010
011011100
110011100
011101100
111011000
111101000
111110000

5
001111111
110001111
110110011
010010111
100101011
010011101
101011001
110011001
101101001
101110001
101001110
010110110
101100110
110100110
101101010
011011100
111001100
101110100
110110100
111010100
111011000

5
001111111
110001111
110110011
010010111
100101011
010011101
101011001
110011001
101101001
101110001
101001110
010110110
101100110
110100110
101101010
011011100
111001100
011110100
111100100
111011000
111110000

5
001111111
110001111
110110011
010010111
100101011
010011101
101011001
110011001
101101001
101110001
100101110
011010110
011100110
110100110
011110010
011011100
101101100
111001100
111100100
111011000
111110000

5
001111111
110001111
110110011
010010111
100101011
010011101
101011001
110011001
101101001
101110001
100101110
011010110
011100110
110100110
011110010
011011100
011101100
110101100
111011000
111101000
111110000

5
001111111
110001111
110110011
010010111
100101011
010011101
011011001
101101001
111001001
101110001
111010001
101001110
010110110
101100110
110100110
101101010
011011100
111001100
101110100
110110100
111010100

5
001111111
110001111
110110011
010010111
100101011
010011101
011011001
101101001
111001001
101110001
111010001
101001110
010110110
101100110
110100110
101101010
011011100
111001100
011110100
111100100
111110000

5
001111111
110001111
110110011
010010111
100101011
010011101
011011001
101101001
111001001
101110001
111010001
101001110
010110110
011100110
111000110
101101010
111100010
011011100
111001100
011110100
111110000

5
001111111
110001111
110110011
010010111
100101011
010011101
011011001
101101001
111001001
101110001
111010001
100101110
011010110
101100110
111000110
011110010
111100010
011011100
101101100
111001100
111110000

5
001111111
110001111
110110011
010010111
100101011
010011101
011011001
101101001
111001001
101110001
111010001
100101110
011010110
011100110
110100110
011110010
011011100
101101100
111001100
111100100
111110000

5
001111111
110001111
110110011
010010111
100101011
010011101
011011001
101101001
111001001
101110001
111010001
100101110
011010110
011100110
110100110
011110010
011011100
011101100
110101100
111101000
111110000

5
001111111
110001111
110110011
010010111
100101011
010011101
011011001
101101001
111001001
011110001
111100001
101001110
100110110
110010110
101100110
101101010
101011100
110011100
101110100
111011000
111110000

5
001111111
110001111
110110011
010010111
100101011
010011101
011011001
101101001
111001001
011110001
111100001
101001110
100110110
110010110
101100110
101101010
011011100
111001100
101110100
111010100
111110000

5
001111111
110001111
110110011
010010111
100101011
010011101
011011001
101101001
111001001
011110001
111100001
101001110
100110110
110010110
101100110
101101010
011011100
111001100
011110100
110110100
111100100

5
001111111
110001111
110110011
010010111
100101011
010011101
011011001
101101001
111001001
011110001
111100001
100101110
011010110
101100110
111000110
101110010
111010010
011011100
101101100
111001100
111110000

5
001111111
110001111
110110011
010010111
100101011
010011101
011011001
011101001
110101001
011110001
101001110
100110110
110010110
101100110
101101010
101011100
110011100
101110100
111011000
111101000
111110000

5
001111111
110001111
110110011
010010111
100101011
010011101
011011001
011101001
110101001
011110001
101001110
100110110
110010110
101100110
101101010
011011100
111001100
101110100
111010100
111101000
111110000

5
001111111
110001111
110110011
010010111
100101011
010011101
011011001
011101001
110101001
011110001
101001110
100110110
110010110
101100110
101101010
011011100
111001100
011110100
110110100
111100100
111101000

5
001111111
110001111
110110011
010010111
100101011
010011101
011011001
011101001
110101001
011110001
100101110
101010110
110010110
101100110
101110010
011011100
101101100
111001100
111010100
111101000
111110000

5
001111111
110001111
110110011
010010111
100101011
010011101
011011001
011101001
110101001
011110001
100101110
101010110
110010110
101100110
101110010
011011100
011101100
110101100
111010100
111100100
111110000

5
001111111
110001111
110110011
010010111
100101011
010011101
011011001
011101001
110101001
011110001
100101110
011010110
101100110
111000110
101110010
111010010
011011100
101101100
111001100
111101000
111110000

5
001111111
110001111
110110011
010010111
100101011
010011101
011011001
011101001
110101001
011110001
100101110
011010110
101100110
111000110
101110010
111010010
011011100
011101100
110101100
111100100
111110000

5
000111111
011001111
101110011
111010101
111101010
110111100
001010111
010101011
011100011
010101101
010110101
110110001
111100001
001011110
100111010
101011010
101011100
111001100

5
000111111
011001111
101110011
111010101
111101010
110111100
001010111
001101011
010011101
100111001
110011001
101101001
111001001
010101110
100110110
101010110
110100110
111000110

5
000111111
011001111
101110011
111010101
111101010
110111100
001010111
001101011
010011101
010111001
011101001
110110001
111100001
100101110
110001110
100110110
101010110
111000110

5
000111111
011001111
101110011
111010101
111101010
001100111
001011011
010011101
100110101
101100101
011011001
010101110
011100110
100111010
101011010
010111100
110110100
111100100
110111000
111011000

5
000111111
011001111
101110011
111010101
111101010
010010111
100101011
101001011
011010011
100011101
101001101
100111001
010101110
010110110
011110010
100111100
110101100
111001100
110110100
111110000

5
000111111
011001111
101110011
111010101
111101010
010010111
100101011
101001011
011010011
100011101
101001101
100111001
010101110
010110110
011110010
010111100
110011100
111001100
110111000
111110000

5
000111111
011001111
101110011
111010101
111101010
001010111
010101011
011100011
010101101
010110101
110110001
111100001
001011110
100111010
101011010
100111100
101011100
110101100
111001100
110110100

5
000111111
011001111
101110011
111010101
111101010
001010111
010101011
011100011
010101101
010110101
110110001
111100001
001011110
100111010
101011010
010111100
101011100
110011100
111001100
110111000

5
000111111
011001111
101110011
111010101
111101010
001010111
010101011
011100011
010011101
100111001
110011001
110101001
111100001
100101110
101001110
100110110
101010110
100111100
110011100
111001100

5
000111111
011001111
101110011
111010101
111101010
001010111
010101011
011100011
010011101
010111001
110110001
111100001
100101110
101001110
100110110
101010110
100111100
110011100
111001100
110111000

5
000111111
011001111
101110011
111010101
111101010
001010111
010101011
011100011
010011101
010111001
110110001
111100001
100101110
101001110
100110110
101010110
010111100
110101100
111001100
110110100

5
000111111
011001111
101110011
111010101
111101010
001010111
001101011
010011101
100111001
110011001
101101001
111001001
010101110
100110110
101010110
110100110
111000110
100111100
110011100
110101100

5
000111111
011001111
101110011
111010101
111101010
001010111
001101011
010011101
100111001
110011001
101101001
111001001
010101110
100110110
101010110
110100110
111000110
010111100
110110100
110111000

5
000111111
011001111
101110011
111010101
111101010
001010111
001101011
010011101
100111001
110011001
011101001
110101001
111100001
100101110
110001110
100110110
101010110
111000110
100111100
110011100

5
000111111
011001111
101110011
111010101
111101010
001010111
001101011
010011101
010111001
101101001
110101001
111001001
110110001
010101110
100110110
101010110
110100110
111000110
010111100
110110100

5
000111111
011001111
101110011
111010101
111101010
001010111
001101011
010011101
010111001
101101001
110101001
111001001
110110001
010101110
010110110
101010110
110010110
111000110
110110010
010111100

5
000111111
011001111
101110011
111010101
111101010
001010111
001101011
010011101
010111001
011101001
110110001
111100001
100101110
110001110
100110110
101010110
111000110
100111100
110011100
110111000

5
000111111
011001111
101110011
111010101
111101010
001010111
001101011
010011101
010111001
011101001
110110001
111100001
100101110
110001110
100110110
101010110
111000110
010111100
110101100
110110100

5
000111111
011001111
101010111
110111001
111101010
111110100
100011011
110001011
111000011
010101101
010110101
011010101
111010001
001101110
100110110
101100110
100111010
011101100

5
000111111
011001111
101010111
110111001
111101010
111110100
100011011
101001011
010101101
010110101
011010101
111001001
111010001
010101110
100110110
011100110
101100110
100111010

5
000111111
011001111
101010111
110111001
111101010
100101011
110001011
100110011
111000011
010011101
011010101
111010001
001101110
100110110
101100110
010111100
011101100
110110100
111010100
111100100

5
000111111
011001111
101010111
110111001
111101010
100101011
110001011
100110011
111000011
010011101
011010101
111010001
001101110
100110110
101100110
010111100
011101100
011110100
101110100
111110000

5
000111111
011001111
101010111
110111001
111101010
100101011
110001011
100110011
111000011
010011101
011010101
111010001
001101110
100110110
101100110
001111100
011011100
101110100
011111000
111110000

5
000111111
011001111
101010111
110111001
111101010
010101011
100110011
110100011
111000011
010011101
011010101
111010001
001101110
100110110
101100110
100111100
110011100
101101100
111001100
111010100

5
000111111
011001111
101010111
110111001
111101010
010101011
100110011
110100011
111000011
010011101
011010101
111010001
001101110
100110110
101100110
100111100
011011100
101011100
101101100
111011000

5
000111111
011001111
101010111
110111001
111101010
010101011
100110011
110100011
111000011
010011101
011010101
111010001
001101110
100110110
101100110
001111100
011011100
101110100
101111000
111011000

5
000111111
011001111
101010111
110111001
111101010
010101011
010110011
110010011
111000011
100011101
110001101
111000101
001101110
001110110
101110010
110110010
100111100
101101100
111001100
101110100

5
000111111
011001111
101010111
110111001
111101010
010101011
010110011
110010011
111000011
100011101
110001101
111000101
001101110
001110110
101110010
110110010
001111100
101011100
111001100
101111000

5
000111111
011001111
101010111
110111001
111101010
010101011
001110011
011100011
100011101
110001101
111000101
011110001
111010001
100101110
101001110
100110110
101110010
100111100
111001100
111110000

5
000111111
011001111
101010111
110111001
111101010
100011011
110001011
111000011
010101101
010110101
110010101
111000101
001101110
001110110
100111010
101110010
011101100
101110100
110110100
111100100

5
000111111
011001111
101010111
110111001
111101010
100011011
110001011
111000011
010101101
010110101
110010101
111000101
001101110
001110110
100111010
101110010
011101100
011110100
111010100
111110000

5
000111111
011001111
101010111
110111001
111101010
100011011
110001011
111000011
010101101
010110101
011010101
111010001
001101110
100110110
101100110
100111010
011101100
110110100
111010100
111100100

5
000111111
011001111
101010111
110111001
111101010
100011011
110001011
111000011
010101101
010110101
011010101
111010001
001101110
100110110
101100110
100111010
011101100
011110100
101110100
111110000

5
000111111
011001111
101010111
110111001
111101010
100011011
110001011
111000011
010101101
001110101
011100101
011110001
111010001
001101110
100110110
101100110
100111010
011101100
101110100
111110000

5
000111111
011001111
101010111
110111001
111101010
100011011
101001011
010101101
010110101
011010101
111001001
111010001
010101110
100110110
011100110
101100110
100111010
110110100
111010100
111100100

5
000111111
011001111
101010111
110111001
111101010
100011011
101001011
010101101
010110101
011010101
111001001
111010001
010101110
100110110
011100110
101100110
100111010
011110100
101110100
111110000

5
000111111
011001111
101010111
110111001
111101010
100011011
101001011
010101101
001110101
011100101
111001001
011110001
111010001
010101110
100110110
011100110
101100110
100111010
101110100
111110000

5
000111111
011001111
101010111
110111001
111101010
010011011
110010011
111000011
100101101
110001101
100110101
111000101
001101110
001110110
010111010
101110010
110110010
101101100
111001100
101110100

5
000111111
011001111
101010111
110111001
111101010
010011011
110010011
111000011
010101101
100110101
110100101
111000101
001101110
001110110
100111010
110011010
101110010
011101100
101110100
111100100

5
000111111
011001111
101010111
110111001
111101010
010011011
110010011
111000011
010101101
100110101
011100101
101100101
111100001
001101110
001110110
100111010
110011010
101110010
011101100
101110100

5
000111111
011001111
101010111
110111001
111101010
010011011
011010011
100101101
110001101
100110101
111000101
111010001
100101110
101001110
100110110
010111010
011110010
101110010
111001100
111110000

5
000111111
011001111
101010111
110111001
111101010
010011011
011010011
100101101
110001101
100110101
111000101
111010001
001101110
100110110
101100110
010111010
110110010
111010010
101101100
111001100

5
000111111
011001111
101010111
110111001
111101010
010011011
011010011
010101101
100110101
110100101
111000101
111010001
001101110
100110110
101100110
100111010
110011010
111010010
011101100
111100100

5
000111111
011001111
101010111
110111001
111101010
010011011
011010011
010101101
100110101
011100101
101100101
111010001
111100001
001101110
100110110
101100110
100111010
110011010
111010010
011101100

5
000111111
011001111
101010111
110111001
111101010
001011011
100101101
110001101
100110101
111000101
011011001
111010001
100101110
110001110
100110110
111000110
001111010
101110010
011111000
111110000

5
000111111
011001111
101010111
110111001
111101010
001011011
010101101
100110101
110100101
111000101
011011001
111010001
010101110
100110110
110100110
111000110
001111010
101110010
101111000
111011000

5
000111111
011001111
101010111
110111001
111101010
001011011
010101101
010110101
110010101
111000101
101011001
111001001
010101110
100110110
110100110
111000110
001111010
101110010
110110100
101111000

5
000111111
011001111
101010111
110111001
111101010
001011011
010101101
010110101
110010101
111000101
101011001
111001001
010101110
010110110
110010110
111000110
001111010
101110010
110110010
101111000

5
000111111
011001111
101010111
011111001
111110010
010101011
001110011
011100011
100011101
101001101
101011001
100101110
110001110
100110110
111000110
110101010
100111100
111001100
110111000
111011000

5
000111111
011001111
101010111
011111001
111110010
010101011
001110011
011100011
100011101
101001101
101011001
010101110
100110110
110100110
111000110
100111100
110101100
111001100
110111000
111011000

5
000111111
011001111
101010111
011111001
111110010
010101011
001110011
011100011
100011101
101001101
101011001
010101110
100110110
110100110
111000110
010111100
110011100
111001100
110110100
111011000

5
000111111
011001111
101010111
011111001
111110010
010011011
011010011
100101101
101001101
100110101
101101001
101110001
100101110
110001110
100110110
111000110
010111010
110101010
111001100
111101000

5
000111111
011001111
101010111
011111001
111110010
010011011
011010011
100101101
101001101
100110101
101101001
101110001
010101110
100110110
110100110
111000110
010111010
110101100
111001100
111101000

5
000111111
011001111
101010111
011111001
111110010
010011011
011010011
100101101
101001101
100110101
101101001
101110001
010101110
100110110
110100110
111000110
010111010
011101100
101101100
111100100

5
000111111
011001111
101010111
011111001
111110010
010011011
011010011
001101101
100110101
101100101
101110001
100101110
110001110
100110110
111000110
010111010
110101010
101101100
111001100
111101000

5
000111111
011001111
101010111
011111001
111110010
010011011
011010011
001101101
100110101
101100101
101110001
100101110
110001110
100110110
111000110
010111010
110101010
011101100
110101100
111100100

5
000111111
011001111
101010111
011111001
111110010
010011011
011010011
001101101
100110101
101100101
101110001
010101110
100110110
110100110
111000110
010111010
101101100
110101100
111001100
111101000

5
000111111
011001111
101010111
011111001
111110010
001011011
100101101
110001101
100110101
111000101
110101001
101110001
111100001
100101110
110001110
100110110
111000110
010111010
011011010
110101010

5
000111111
011001111
101010111
011111001
111110010
001011011
100101101
110001101
100110101
111000101
110101001
101110001
111100001
010101110
100110110
110100110
111000110
010111010
011011010
110101100

5
000111111
011001111
101010111
011111001
111110010
001011011
010101101
100110101
110100101
111000101
101110001
111100001
100101110
110001110
100110110
111000110
010111010
011011010
110101010
110101100

5
000111111
011001111
101010111
011111001
111110010
001011011
010101101
010110101
110010101
111000101
111010001
100101110
110001110
100110110
111000110
001111010
011101010
110101010
110101100
110110100

5
000111111
011001111
101010111
011111001
110111010
100011011
101001011
010101101
001110101
011100101
101011001
010101110
100110110
110100110
111000110
111001010
101110100
111100100
111011000
111110000

5
000111111
011001111
101010111
011111001
110111010
100011011
101001011
010101101
001110101
011100101
101011001
010101110
100110110
110100110
111000110
111001010
011110100
110110100
111010100
111011000

5
000111111
011001111
101010111
011111001
110111010
100011011
101001011
010101101
001110101
011100101
101011001
010101110
100110110
011100110
101100110
111001010
111100010
101110100
111011000
111110000

5
000111111
011001111
101010111
011111001
110111010
001011011
100101101
110001101
100110101
111000101
110101001
101110001
111100001
100101110
110001110
100110110
111000110
011011010
111010010
111110000

5
000111111
011001111
101010111
011111001
110111010
001011011
010101101
100110101
110100101
111000101
101110001
111100001
100101110
110001110
100110110
111000110
011011010
111010010
110101100
111110000

5
000111111
011001111
101010111
011111001
110111010
001011011
010101101
100110101
110100101
111000101
101110001
111100001
010101110
100110110
110100110
111000110
101011010
111001010
111011000
111110000

5
000111111
011001111
101010111
011111001
110111010
001011011
010101101
100110101
011100101
101100101
101110001
100101110
110001110
100110110
111000110
011011010
111010010
110101100
111100100
111110000

5
000111111
011001111
101010111
011111001
110111010
001011011
010101101
100110101
011100101
101100101
101110001
010101110
100110110
110100110
111000110
101011010
111001010
111100100
111011000
111110000

5
000111111
011001111
101010111
011111001
110111010
001011011
010101101
100110101
011100101
101100101
101110001
010101110
100110110
011100110
101100110
101011010
111001010
111100010
111011000
111110000

5
000111111
011001111
101010111
011111001
101111010
001011011
010101101
010110101
110010101
111000101
111010001
100101110
110001110
100110110
111000110
111001010
110101100
110110100
111101000
111110000

5
000111111
011001111
101010111
011111001
101111010
001011011
010101101
010110101
110010101
111000101
111010001
010101110
100110110
110100110
111000110
110101010
111001010
110110100
111101000
111110000

5
000111111
011001111
101010111
011111001
101111010
001011011
010101101
010110101
110010101
111000101
111010001
010101110
010110110
110010110
111000110
110101010
111001010
110110010
111101000
111110000

5
000111111
011001111
101010111
110101011
111110100
100110011
111000011
100011101
101001101
100111001
111001001
010101110
001110110
011100110
101110010
111100010
010111100
110011100
111001100
110111000

5
000111111
011001111
101010111
110101011
111110100
100110011
111000011
100011101
101001101
100111001
111001001
010101110
001110110
011100110
011110010
110110010
111010010
100111100
110101100
111001100

5
000111111
011001111
101010111
110101011
111110100
100110011
111000011
010011101
011010101
100111001
110011001
111010001
001101110
100110110
101100110
011101010
111100010
010111100
011101100
110111000

5
000111111
011001111
101010111
110101011
111110100
100110011
111000011
010011101
011010101
010111001
110110001
111010001
100101110
101001110
100110110
111001010
010111100
011101100
101101100
111101000

5
000111111
011001111
101010111
110101011
111110100
100110011
111000011
010011101
011010101
010111001
110110001
111010001
001101110
100110110
101100110
101101010
111001010
010111100
011101100
111101000

5
000111111
011001111
101010111
110101011
111110100
100110011
111000011
010011101
011010101
010111001
011110001
101110001
111100001
100101110
101001110
100110110
111001010
010111100
110101100
111001100

5
000111111
011001111
101010111
110101011
111110100
100110011
111000011
001011101
100111001
101011001
111001001
010101110
100110110
110100110
111000110
001111100
011101100
011111000
110111000
111011000

5
000111111
011001111
101010111
110101011
111110100
100110011
111000011
001011101
100111001
101011001
111001001
010101110
010110110
110010110
111000110
110110010
001111100
011101100
101111000
111101000

5
000111111
011001111
101010111
110101011
111110100
100110011
111000011
001011101
001111001
101101001
111001001
101110001
010101110
100110110
110100110
111000110
010111100
011011100
011111000
111101000

5
000111111
011001111
101010111
110101011
111110100
100110011
111000011
001011101
001111001
101101001
111001001
101110001
010101110
010110110
110010110
111000110
110110010
001111100
011101100
111101000

5
000111111
011001111
101010111
110101011
111110100
100110011
111000011
001011101
001111001
011101001
101110001
111100001
100101110
110001110
100110110
111000110
010111100
011011100
110101100
011111000

5
000111111
011001111
101010111
110101011
111110100
100110011
111000011
001011101
001111001
011101001
011110001
110110001
111010001
100101110
110001110
100110110
111000110
001111100
011101100
110101100

5
000111111
011001111
101010111
110101011
101111100
100110011
111000011
100011101
110001101
111000101
100111001
001101110
001110110
011101010
011110010
110110010
111010010
111001100
111101000
111110000

5
000111111
011001111
101010111
110101011
101111100
100110011
111000011
100011101
101001101
100111001
111001001
010101110
010110110
011010110
110110010
111010010
011101100
011110100
111101000
111110000

5
000111111
011001111
101010111
110101011
101111100
100110011
111000011
100011101
101001101
100111001
111001001
010101110
010110110
011010110
011110010
101110010
111100010
011101100
011110100
111101000

5
000111111
011001111
101010111
110101011
101111100
100110011
111000011
100011101
101001101
100111001
111001001
010101110
001110110
011100110
011110010
110110010
111010010
011101100
111101000
111110000

5
000111111
011001111
101010111
110101011
101111100
100110011
111000011
010011101
110010101
111000101
100111001
110011001
001101110
001110110
011101010
101110010
111100010
110011100
111001100
111101000

5
000111111
011001111
101010111
110101011
101111100
100110011
111000011
010011101
110010101
111000101
010111001
110110001
001101110
001110110
101101010
111001010
101110010
110011100
111001100
110111000

5
000111111
011001111
101010111
110101011
101111100
100110011
111000011
010011101
011010101
100111001
110011001
111010001
001101110
100110110
101100110
011101010
111100010
011011100
111011000
111101000

5
000111111
011001111
101010111
110101011
101111100
100110011
111000011
010011101
011010101
010111001
110110001
111010001
100101110
101001110
100110110
111001010
011011100
011111000
111101000
111110000

5
000111111
011001111
101010111
110101011
101111100
100110011
111000011
010011101
011010101
010111001
110110001
111010001
001101110
100110110
101100110
101101010
111001010
011011100
110111000
111011000

5
000111111
011001111
101010111
110101011
101111100
100110011
111000011
010011101
011010101
010111001
011110001
101110001
111100001
100101110
101001110
100110110
111001010
011011100
011111000
111101000

5
000111111
011001111
101010111
110101011
101111100
100110011
111000011
001011101
100111001
101011001
111001001
010101110
010110110
110010110
111000110
110110010
011101100
110110100
111100100
111101000

5
000111111
011001111
101010111
110101011
101111100
100110011
111000011
001011101
100111001
011011001
110011001
111010001
010101110
100110110
110100110
111000110
011101100
111100100
111011000
111101000

5
000111111
011001111
101010111
110101011
101111100
100110011
111000011
001011101
100111001
011011001
110011001
111010001
010101110
100110110
011100110
101100110
111100010
011101100
111011000
111101000

5
000111111
011001111
101010111
110101011
101111100
100110011
111000011
001011101
010111001
011011001
110110001
111010001
100101110
110001110
100110110
111000110
111001100
011111000
111101000
111110000

5
000111111
011001111
101010111
110101011
101111100
100110011
111000011
001011101
010111001
011011001
011110001
101110001
111100001
100101110
110001110
100110110
111000110
111001100
011111000
111101000

5
000111111
011001111
101010111
110101011
101111100
100110011
111000011
001011101
001111001
101101001
111001001
101110001
010101110
010110110
110010110
111000110
110110010
110101100
111001100
110110100

5
000111111
011001111
101010111
110101011
101111100
100110011
111000011
001011101
001111001
011101001
011110001
110110001
111010001
100101110
110001110
100110110
111000110
111001100
111101000
111110000

5
000111111
011001111
101010111
110101011
011111100
100110011
111000011
010011101
011010101
100111001
110011001
111010001
001101110
100110110
101100110
011101010
111100010
101110100
110111000
111110000

5
000111111
011001111
101010111
110101011
011111100
100110011
111000011
010011101
011010101
010111001
110110001
111010001
100101110
101001110
100110110
111001010
101101100
101110100
111101000
111110000

5
000111111
011001111
101010111
110101011
011111100
100110011
111000011
010011101
011010101
010111001
110110001
111010001
001101110
100110110
101100110
101101010
111001010
101110100
111101000
111110000

5
000111111
011001111
101010111
110101011
011111100
100110011
111000011
010011101
011010101
010111001
011110001
101110001
111100001
100101110
101001110
100110110
111001010
101101100
101110100
111101000

5
000111111
011001111
101010111
110101011
011111100
100110011
111000011
010011101
011010101
010111001
011110001
101110001
111100001
001101110
100110110
101100110
101101010
111001010
101110100
111101000

5
000111111
011001111
101010111
110101011
011111100
100110011
111000011
001011101
100111001
101011001
111001001
010101110
100110110
110100110
111000110
101110100
111100100
110111000
111011000
111110000

5
000111111
011001111
101010111
110101011
011111100
100110011
111000011
001011101
001111001
101101001
111001001
101110001
010101110
100110110
110100110
111000110
110110100
111010100
111101000
111110000

5
000111111
011001111
101010111
110101011
011111100
100110011
111000011
001011101
001111001
101101001
111001001
101110001
010101110
010110110
110010110
111000110
110110010
111010100
111101000
111110000

5
000111111
011001111
101010111
110101011
011111100
100110011
111000011
001011101
001111001
011101001
101110001
111100001
100101110
110001110
100110110
111000110
110101100
110110100
111010100
111110000

5
000111111
011001111
101010111
110101011
011111100
100110011
111000011
001011101
001111001
011101001
011110001
110110001
111010001
100101110
110001110
100110110
111000110
110101100
110110100
111010100

5
000111111
011001111
101010111
110101011
111110001
101111100
100110011
111000011
010101101
010110101
011010101
100011110
101001110
100111010
111001010
011101100
011110100
111101000

5
000111111
011001111
101010111
110101011
111110001
101111100
100110011
111000011
010011101
011010101
010111001
100101110
101001110
100110110
111001010
011011100
011111000
111101000

5
000111111
011001111
101010111
110101011
111110001
101111100
100110011
111000011
001011101
010111001
011011001
100101110
110001110
100110110
111000110
111001100
011111000
111101000

5
000111111
011001111
101010111
110101011
111110001
011111100
100110011
111000011
010011101
011010101
010111001
100101110
101001110
100110110
111001010
101101100
101110100
111101000

5
000111111
011001111
101010111
110101011
111110001
011111100
100110011
111000011
010011101
011010101
010111001
001101110
100110110
101100110
101101010
111001010
101110100
111101000

5
000111111
011001111
101010111
110101011
111110001
011111100
100110011
111000011
001011101
001111001
011101001
100101110
110001110
100110110
111000110
110101100
110110100
111010100

5
000111111
011001111
101010111
110101011
111110001
100110011
111000011
010011101
011010101
010111001
100101110
101001110
100110110
111001010
010111100
110101100
111001100
011110100
101110100
111100100

5
000111111
011001111
101010111
110101011
111110001
100110011
111000011
010011101
011010101
010111001
100101110
101001110
100110110
111001010
001111100
011011100
101101100
101110100
011111000
111101000

5
000111111
011001111
101010111
110101011
111110001
100110011
111000011
010011101
011010101
010111001
001101110
100110110
101100110
101101010
111001010
001111100
011011100
101110100
011111000
111101000

5
000111111
011001111
101010111
110101011
111110001
100110011
111000011
001011101
001111001
011101001
100101110
110001110
100110110
111000110
100111100
101011100
111001100
011111000
110111000
111011000

5
000111111
011001111
101010111
110101011
111110001
100110011
111000011
001011101
001111001
011101001
100101110
110001110
100110110
111000110
100111100
011011100
110011100
111010100
011111000
110111000

5
000111111
011001111
101010111
110101011
111110001
100110011
111000011
001011101
001111001
011101001
100101110
110001110
100110110
111000110
010111100
011011100
110101100
110110100
111010100
011111000

5
000111111
011001111
101010111
110101011
111110001
100110011
111000011
001011101
001111001
011101001
100101110
110001110
100110110
111000110
001111100
011101100
110101100
011110100
110110100
111010100

5
000111111
011001111
101010111
110101011
110110101
111111000
100110011
111000011
010101101
111000101
001011110
001111010
101101010
111001010
101110010
010111100
011011100
111010100

5
000111111
011001111
101010111
110101011
110110101
111011010
100110011
111000011
010101101
111000101
001011110
100111010
001111100
011101100
011110100
111010100
011111000
110111000

5
000111111
011001111
101010111
110101011
110110101
101111010
011111100
100110011
111000011
010101101
111000101
001011110
111001010
111010100
111101000
111110000

5
000111111
011001111
101010111
110101011
110110101
101111010
100110011
111000011
010101101
111000101
001011110
111001010
001111100
011101100
011110100
111010100
111101000
111110000

5
000111111
011001111
101010111
110101011
110110101
100110011
111000011
010101101
111000101
001011110
100111010
101011010
111001010
010111100
011011100
111010100
011111000
101111000
111101000
111110000

5
000111111
011001111
101010111
110101011
110110101
100110011
111000011
010101101
111000101
001011110
001111010
101101010
111001010
101110010
010111100
101011100
110011100
111001100
101111000
110111000

5
000111111
011001111
101010111
110101011
110110101
100110011
111000011
010101101
111000101
001011110
001111010
101101010
111001010
101110010
010111100
011011100
111010100
101111000
110111000
111011000

5
000111111
011001111
101010111
110101011
110110101
100110011
111000011
010101101
111000101
001011110
001111010
101101010
111001010
101110010
010111100
011011100
111010100
011111000
111101000
111110000

5
000111111
011001111
101010111
110101011
110110101
100110011
111000011
010101101
111000101
001011110
001111010
101101010
111001010
101110010
001111100
011101100
011110100
111010100
111101000
111110000

5
000111111
011001111
101010111
110011011
111101100
111000011
001101101
001110101
100111001
101101001
111001001
101110001
010101110
100110110
110100110
111000110
010111010
110110010
101110100
110111000

5
000111111
011001111
101010111
110011011
111101100
111000011
001101101
001110101
010111001
011101001
101110001
110110001
111100001
100101110
110001110
100110110
111000110
100111010
101110100
110111000

5
000111111
011001111
101010111
110011011
111101100
111000011
001101101
001110101
010111001
011101001
011110001
111010001
100101110
110001110
100110110
111000110
100111010
101110100
110111000
111110000

5
000111111
011001111
101010111
110011011
111101100
111000011
001101101
001110101
001111001
101011001
111001001
010101110
100110110
110100110
111000110
010111010
110110010
101110100
101111000
110111000

5
000111111
011001111
101010111
110011011
111101100
111000011
001101101
001110101
001111001
101011001
111001001
010101110
010110110
110010110
111000110
010111010
101110100
110110100
101111000
110111000

5
000111111
011001111
101010111
110011011
111101100
111000011
001101101
001110101
001111001
011011001
111010001
100101110
110001110
100110110
111000110
100111010
101110100
011111000
110111000
111110000

5
000111111
011001111
101010111
110011011
111100101
111111000
111000011
010101101
100110101
010111001
110110001
001101110
001110110
001111010
101011010
111001010
011101100
101110100

5
000111111
011001111
101010111
110011011
111100101
111101010
111000011
010101101
100110101
010111001
110110001
001101110
001110110
100111010
101110010
011101100
101110100
110111000

5
000111111
011001111
101010111
110011011
111100101
111000011
010101101
100110101
010111001
110110001
001101110
001110110
100111010
101101010
111001010
101110010
011101100
101110100
110111000
111101000

5
000111111
011001111
101010111
110011011
111100101
111000011
010101101
100110101
010111001
110110001
001101110
001110110
100111010
011101010
110101010
101110010
111100010
011101100
101110100
110111000

5
000111111
011001111
101010111
110011011
111100101
111000011
010101101
100110101
010111001
110110001
001101110
001110110
001111010
101011010
111001010
011101100
101110100
101111000
110111000
111101000

5
000111111
011001111
101010111
110011011
111100101
111000011
010101101
100110101
010111001
110110001
001101110
001110110
001111010
101011010
111001010
011101100
101110100
011111000
111011000
111110000

5
000111111
011001111
101010111
110011011
101101101
111111000
111000011
100110101
100111001
111001001
010101110
001110110
011100110
010111010
011110010
111010010
011101100
101110100

5
000111111
011001111
101010111
110011011
101101101
111110010
111000011
100110101
100111001
111001001
010101110
001110110
011100110
010111010
011101100
101110100
110111000
111101000

5
000111111
011001111
101010111
110011011
101101101
011110110
111111000
111000011
100110101
100111001
111001001
010101110
010111010
111010010
011101100
101110100

5
000111111
011001111
101010111
110011011
101101101
011110110
111000011
100110101
100111001
111001001
010101110
010111010
111010010
011101100
101110100
110111000
111101000
111110000

5
000111111
011001111
101010111
110011011
101101101
011110110
111000011
100110101
100111001
111001001
010101110
010111010
111010010
011101100
101110100
011111000
101111000
111011000

5
000111111
011001111
101010111
110011011
101101101
111000011
100110101
100111001
111001001
010101110
001110110
011100110
010111010
101110010
110110010
111100010
011101100
101110100
110111000
111101000

5
000111111
011001111
101010111
110011011
101101101
111000011
100110101
100111001
111001001
010101110
001110110
011100110
010111010
011110010
111010010
011101100
101110100
110111000
111101000
111110000

5
000111111
011001111
101010111
110011011
101101101
111000011
100110101
100111001
111001001
010101110
001110110
011100110
010111010
011110010
111010010
011101100
101110100
011111000
101111000
111011000
