3
1011
1110
0111
1101

3
10011
11010
01110
00111
10101
11100

3
100011
100110
101100
111000
110001
010011
010110
001110

3
000111
100101
101100
111000
110001
010011
011010
001110

3
011100
101100
110001
110010
010101
011010
100101
101010

3
1000011
1000110
1001100
1011000
1110000
1100001
0110001
0010101
0000111
0011100

3
1110000
1011000
1001100
1000110
1000011
1100001
0110001
0010011
0010110
0011100

3
1110000
1011000
1001100
1000110
1000011
1100001
0100011
0110100
0010110
0011100

3
1000011
1000110
1100100
0101100
0111000
1100001
0110001
0010011
0010110
0011100

3
1110000
0110001
0010011
0011010
0001110
1000011
1000110
1100100
0101100
0111000