4
01111
11110
11101
11011
10111

4
011101
011011
001111
110101
110011
100111
111100
111010
101110

4
0001111
1001101
1010101
1001011
1010011
0100111
0110011
0110101
0101110
0111010
1101100
1110100
1111000
1011010

4
00100111
11000101
11000011
00001111
10001101
10001011
01010101
00110101
01010011
00110011
01110100
11110000
00111010
01011010
10111000
11011000
00101110
10101100
11001010
11100100

4
00010111
10010011
10010101
01001101
00001111
01100101
10100101
10100011
01101001
00101011
01110100
11110000
10110100
11101000
10101010
01011010
01001110
11011000
10011010
01010110

4
01001011
11001001
10001011
00100111
11000101
10000111
01010011
00110011
00110101
01010101
01011010
00111010
11011000
10111000
11110000
01110100
00101110
10101100
11100100
10001110

4
101010100
000011101
001011100
101011000
010110100
110010100
010111000
110011000
000010111
000011011
000111010
000110110
001100011
100000111
001001011
001101010
010100011
010100110
110000011
110000110
011100001
111100000
111000001
110101000
001001101
101101000
101000101
