6
0011111111
1100111111
1111001111
0111110011
1101110101
1111011001
0101100111
0110011011
1001011101
1111110000
1010101110
1111100110
1110111010
1011111100

6
0011111111
1100111111
1111001111
0111110011
1101110101
1111011001
0101100111
0110011011
1001011101
1111110000
1010101110
1111100110
1110111010
1011111100

6
0011111111
1100111111
1111001111
0111110011
1101110101
1111011001
0101100111
0110011011
1001011101
1111110000
1010101110
1111100110
1011111100
1110111010

6
0011111111
1100111111
1111001111
0111110011
1101110101
1111011001
0101100111
0110011011
1001011101
1111110000
1010101110
1111100110
1110111010
1011111100

6
0011111111
1100111111
1111001111
0111110011
1101110101
1111011001
0101100111
0110011011
1001011101
1111110000
1010101110
1110111010
1011111100
1111100110

6
0011111111
1100111111
1111001111
0111110011
1101110101
1111011001
0101100111
0110011011
1001011101
1111110000
1010101110
1110111010
1111100110
1011111100

6
0011111111
1100111111
1111001111
0111110011
1101110101
1111011001
0101100111
0110011011
1001011101
1111110000
1010101110
1011111100
1111100110
1110111010

6
0011111111
1100111111
1111001111
0111110011
1101110101
1111011001
0101100111
0110011011
1001011101
1111110000
1010101110
1111100110
1110111010
1011111100

6
0011111111
1100111111
0111001111
1101010111
1110101011
1011110011
1111100101
1111000011
0110101101
1001110101
1010111010
0101011110
1111011010
1111111100

6
0011111111
1100111111
0111001111
1101010111
1110101011
1011110011
1111100101
1111000011
0110101101
1001110101
1010111010
0101011110
1111011010
1111111100
