6
0111111
1011111
1101111
1110111
1111011
1111101
1111110

6
01111111
10011111
10101111
10110111
11011011
11101011
11110011
11011101
11101101
11110101
11111110

6
01111111
10011111
10101111
10110111
11011011
11101011
11110011
11011101
11101101
11110101
11111110

6
01111111
10011111
10101111
10110111
11011011
11101011
11110011
11011101
11101101
11110101
11111100
11111010
10111110

6
01111111
10011111
10101111
10110111
11011011
11101011
11110011
11011101
11101101
11110101
11110110
11101110
11011110

6
01111111
10011111
10101111
10110111
10111011
11011101
11101101
11110101
11111001
11111010
11110110
11101110
11011110

6
01111111
10111111
11001111
11010111
11011011
11101101
11110101
11111001
11111010
11110110
11101110

6
00111111
01011111
01101111
01110111
10111011
11011011
11101011
11110011
10111101
11011101
11101101
11110101
11111110

6
00111111
01011111
01101111
01110111
10111011
11011011
11101011
11110011
10111101
11011101
11101101
11110101
11111110

6
011111111
100111111
111001111
111110011
101010111
110101011
101011101
101111001
111101001
111010110
110110110
110101110
111111100

6
011111111
100111111
111001111
111110011
101010111
110101011
101011101
101111001
111101001
111010110
110110110
110101110
111111100

6
001111111
110011111
111100111
111111001
010101111
101010111
010111011
011110011
111010011
101011101
101101101
110101101
111111110

6
0011111111
1100111111
1111001111
0111110011
1101110101
1111011001
0101100111
0110011011
1001011101
1111110000
1010101110
1111100110
1110111010
1011111100

6
0011111111
1100111111
1111001111
0111110011
1101110101
1111011001
0101100111
0110011011
1001011101
1111110000
1010101110
1111100110
1110111010
1011111100

6
0011111111
1100111111
1111001111
0111110011
1101110101
1111011001
0101100111
0110011011
1001011101
1111110000
1010101110
1111100110
1011111100
1110111010

6
0011111111
1100111111
1111001111
0111110011
1101110101
1111011001
0101100111
0110011011
1001011101
1111110000
1010101110
1111100110
1110111010
1011111100

6
0011111111
1100111111
1111001111
0111110011
1101110101
1111011001
0101100111
0110011011
1001011101
1111110000
1010101110
1110111010
1011111100
1111100110

6
0011111111
1100111111
1111001111
0111110011
1101110101
1111011001
0101100111
0110011011
1001011101
1111110000
1010101110
1110111010
1111100110
1011111100

6
0011111111
1100111111
1111001111
0111110011
1101110101
1111011001
0101100111
0110011011
1001011101
1111110000
1010101110
1011111100
1111100110
1110111010

6
0011111111
1100111111
1111001111
0111110011
1101110101
1111011001
0101100111
0110011011
1001011101
1111110000
1010101110
1111100110
1110111010
1011111100

6
0011111111
1100111111
0111001111
1101010111
1110101011
1011110011
1111100101
1111000011
0110101101
1001110101
1010111010
0101011110
1111011010
1111111100

6
0011111111
1100111111
0111001111
1101010111
1110101011
1011110011
1111100101
1111000011
0110101101
1001110101
1010111010
0101011110
1111011010
1111111100
