6
01111111
10011111
10101111
10110111
11011011
11101011
11110011
11011101
11101101
11110101
11111110

6
01111111
10011111
10101111
10110111
11011011
11101011
11110011
11011101
11101101
11110101
11111110

6
01111111
10011111
10101111
10110111
11011011
11101011
11110011
11011101
11101101
11110101
11111100
11111010
10111110

6
01111111
10011111
10101111
10110111
11011011
11101011
11110011
11011101
11101101
11110101
11110110
11101110
11011110

6
01111111
10011111
10101111
10110111
10111011
11011101
11101101
11110101
11111001
11111010
11110110
11101110
11011110

6
01111111
10111111
11001111
11010111
11011011
11101101
11110101
11111001
11111010
11110110
11101110

6
00111111
01011111
01101111
01110111
10111011
11011011
11101011
11110011
10111101
11011101
11101101
11110101
11111110

6
00111111
01011111
01101111
01110111
10111011
11011011
11101011
11110011
10111101
11011101
11101101
11110101
11111110

