6
0111111
1011111
1101111
1110111
1111011
1111101
1111110

6
11011011
11011101
11011110
11101011
11110011
11101101
11110101
11101110
11110110
01111111
10111111

6
11110011
11110101
10111110
11011110
11101110
10111011
11011011
11101011
10111101
11011101
11101101
11110110
01111111

6
101110011
101101101
101111001
110101110
111010110
110011110
111010011
110101101
101111110
111100111
110111011
111011101
011111111

6
1111110000
0010110111
0101011011
1011001101
1100101110
0111110011
1111101100
1011110101
1101111010
1110110110
1111011001
0111101111
1001111111
1110011111

