5
011111
111101
111011
110111
101111
111110

5
1011111
0111011
0110111
0101111
1111001
1110101
1101101
1111010
1110110
1101110

5
0101111
1101101
1101011
1001111
0110111
1110101
1110011
1010111
1111100
1111010
1011110
0111110

5
0111011
0110111
0011111
1101011
1100111
1001111
1111001
1110101
1011101
1111110

5
0111011
0110111
0011111
1101011
1100111
1001111
1111001
1110101
1011101
1111100
1101110
0111110

5
0111011
0110111
0011111
1101011
1100111
1001111
1111001
1110101
1011101
1111010
1110110
1011110

5
01011111
10101111
00111011
00110111
11111001
11010101
11001101
10110101
11101010
11001110
01111010
11110110

