Generation 2n from:
3
1000011
1000110
1001100
1011000
1110000
1100001
0110001
0010101
0000111
0011100

time: about a day
result:
4
10000111
10001101
10011001
10110001
11100001
11000011
01100011
00101011
00001111
00111001
11110000
11011000
11001100
11000110
01110100
01100110
01011100
00111010
00110110
00011110

4
10000111
10001101
10011001
10110001
11100001
11000011
01100011
00101011
00001111
00111001
11110000
11011000
11001100
11000110
01110010
01011100
01010110
00111100
00110110
00101110

4
10000111
10001101
10011001
10110001
11100001
11000011
01100011
00101011
00001111
00111001
11110000
11011000
11001010
10001110
01110100
01100110
01011010
01010110
00111010
00110110

4
10000111
10001101
10011001
10110001
11100001
11000011
01100011
00101011
00001111
00111001
11110000
11010010
10011100
10010110
01111000
01101100
01100110
01011100
01010110
00101110

4
10000111
10001101
10011001
10110001
11100001
11000011
01100011
00101011
00001111
00111001
11110000
11010010
10011100
10010110
01110100
01101100
01101010
01010110
01001110
00111100

4
10000111
10001101
10011001
10110001
11100001
11000011
01100011
00101011
00001111
00111001
11110000
11010010
10011010
10001110
01110100
01101100
01101010
01011100
01011010
00111100

4
10000111
10001101
10011001
10110001
11100001
11000011
01100011
00101011
00001111
00111001
11101000
11010100
11010010
11001100
10111000
10010110
01101100
01100110
01010110
00101110

4
10000111
10001101
10011001
10110001
11100001
11000011
01100011
00101011
00001111
00111001
11101000
11001100
11000110
10111000
01110100
01110010
01101100
01010110
00110110
00101110

4
10000111
10001101
10011001
10110001
11100001
11000011
01100011
00101011
00001111
00111001
11101000
11001010
10111000
10001110
01110100
01110010
01101010
01100110
01010110
00110110

4
10000111
10001101
10011001
10110001
11100001
11000011
01100011
00101011
00001111
00111001
11100100
11011000
11010100
11001010
10110100
10001110
01110100
01110010
01011010
00111010

4
10000111
10001101
10011001
10110001
11100001
11000011
01100011
00101011
00001111
00111001
11100100
11010100
11010010
10111000
10101100
10010110
01101100
01101010
01010110
01001110

4
10000111
10001101
10011001
10110001
11100001
11000011
01100011
00101011
00001111
00111001
11100100
11010100
11010010
10110100
10011010
10001110
01111000
01110100
01101010
01011010

4
10000111
10001101
10011001
10110001
11100001
11000011
01100011
00101011
00001111
00111001
11100100
11000110
10111000
10101100
01101100
01101010
01011100
01011010
01010110
00011110

4
10000111
10001101
10011001
10110001
11100001
11000011
01100011
00101011
00001111
00111001
11100100
11000110
10110100
10011100
01111000
01110100
01101010
01011010
01010110
00011110

4
10000111
10001101
10011001
10110001
11100001
11000011
01100011
00101011
00001111
00111001
11100100
11000110
10110100
10011100
01110100
01110010
01011100
01011010
01001110
00111010

4
10000111
10001101
10011001
10110001
11100001
11000011
01100011
00101011
00001111
00111001
11100010
11011000
11010100
11001100
10110100
10100110
01011100
00111010
00110110
00011110

4
10000111
10001101
10011001
10110001
11100001
11000011
01100011
00101011
00001111
00111001
11100010
11011000
11010100
11001100
10110010
10010110
01011100
00111100
00110110
00101110

4
10000111
10001101
10011001
10110001
11100001
11000011
01100011
00101011
00001111
00111001
11100010
10111000
10101100
10100110
01011100
01011010
01010110
01001110
00101110
00011110

4
10000111
10001101
10011001
10110001
11100001
11000011
01100011
00101011
00001111
00111001
11100010
10110100
10100110
10011100
01011100
01011010
01010110
01001110
00111010
00110110

4
10000111
10001101
10011001
10110001
11100001
11000011
01100011
00101011
00001111
00111001
11100010
10110010
10011100
10010110
01111000
01110100
01101100
01011100
00110110
00101110

4
10000111
10001101
10011001
10110001
11100001
11000011
01100011
00101011
00001111
00111001
11100010
10110010
10011010
10001110
01111000
01110100
01101100
01011100
00111100
00111010

